1012335
1012919
1013963
1013987
1014034
1014864
1015181
1015210
1018470
1018860
1018872
1018949
1019773
1021180
1021594
1021702
1022706
1022744
1023932
1024015
1024510
1025564
1027897
1027976
1030064
1034187
1037684
1037701
1043085
1043322
1045693
1045710
1046647
1048576
1050959
1054096
1054101
1054424
1054620
1055985
1056006
1057218
1058341
1064936
1071410
1073705
1074723
1074735
1075600
1076513
1243640
1245184
1584932
1622044
4601072
4723741
5239515
6125398
6665000
6728068
7318999
7633375
7634290
7710226
7711725
7816551
7931454
8130899
8201480
8218938
8308147
8316699
8414738
8501098
8506995
8512956
8642555
8642567
8642799
8700280
8716502
8813635
8819512
8822583
8898556
8912120
8912132
8912144
8912156
8913162
8919037
8919049
8919051
8920141
8920581
8945819
8983131
8983234
9011038
9014444
9043055
9043081
9043093
9045168
9045780
9045792
9047245
9047506
9047518
9047752
9047764
9064126
9066667
9070632
9077044
9085479
9085522
9085546
9085558
9085560
9087013
9096921
9097288
9102069
9102071
9102083
9102095
9102100
9102112
9102124
9107306
9114232
9114244
9115523
9116876
9123154
9124469
9124471
9125279
9126807
9126819
9127928
9131096
9136955
9137038
9138408
9138850
9143207
9143219
9143544
9149328
9149495
9149512
9149524
9150315
9153642
9153654
9156539
9168611
9168623
9168635
9168647
9169524
9169940
9170597
9171357
9172210
9176694
9176761
9176773
9178197
9178202
9180906
9181663
9183568
9183855
9185499
9186338
9188647
9189342
9189366
9192375
9192399
9193707
9195195
9195200
9195420
9196709
9196711
9196838
9196852
9196864
9197155
9197284
9197296
9197545
9197727
9198094
9198367
9198563
9199311
9199323
9199828
9200677
9200689
9200691
9207510
9208021
9209104
9209283
9210062
9210074
9210139
9213105
9213583
9213909
9214032
9214135
9214147
9214173
9214202
9214305
9214317
9215256
9215268
9215270
9215282
9215294
9215309
9216602
9216901
9216913
9216925
9216987
9218131
9218674
9220421
9220809
9221011
9221815
9221827
9221839
9222273
9222297
9222572
9222986
9223289
9225495
9225615
9225641
9225653
9225665
9225677
9226140
9226815
9226906
9226918
9226920
9226932
9228057
9228320
9229142
9229300
9229829
9230488
9231183
9231236
9231262
9231482
9231494
9231614
9231810
9231822
9232450
9233234
9233741
9234472
9234496
9234587
9234599
9235062
9235555
9235713
9235725
9235816
9235995
9236054
9236248
9236365
9236389
9237412
9237503
9238741
9238818
9239630
9239977
9239989
9240885
9240897
9241475
9242156
9242326
9242338
9242637
9243382
9243394
9243849
9244544
9244922
9244946
9244984
9246449
9246451
9246683
9246695
9246798
9246803
9247443
9247455
9247546
9247742
9247754
9248148
9248409
9248461
9250099
9250165
9250488
9250490
9250531
9250751
9250892
9250983
9251121
9251523
9251559
9251688
9251690
9251705
9251717
9251755
9251822
9251896
9252187
9252541
9252565
9252577
9253064
9253076
9253325
9254202
9254240
9254252
9254812
9254848
9254850
9254862
9255660
9255684
9255696
9255725
9255799
9255804
9255816
9255828
9255945
9255983
9256028
9256212
9256236
9256298
9256755
9256858
9256860
9257711
9257802
9258014
9258026
9258155
9258600
9258612
9258674
9258868
9258882
9259290
9259317
9259721
9260263
9260275
9260706
9260835
9260847
9260902
9260914
9261102
9261114
9261451
9261516
9261762
9262194
9262584
9262704
9262716
9262819
9262900
9262974
9263136
9263186
9263693
9263708
9263954
9264465
9265354
9265689
9265744
9265756
9265861
9265885
9265902
9265914
9266231
9266243
9266267
9266841
9266877
9267156
9267649
9267651
9267950
9269269
9270488
9270490
9271327
9271406
9271999
9272199
9272204
9272503
9272656
9272668
9272682
9272929
9273052
9273260
9273351
9273387
9273624
9273832
9273844
9274094
9274305
9274317
9274329
9274434
9274525
9274537
9274549
9274616
9274800
9275048
9275658
9275660
9275725
9275749
9275969
9275971
9276016
9276248
9276561
9276573
9276585
9276597
9276690
9277723
9277735
9277785
9278052
9278064
9278155
9278181
9278624
9278650
9278662
9278674
9278698
9278715
9278727
9279111
9279733
9279989
9280354
9280366
9280627
9281009
9281011
9281267
9281425
9281554
9281566
9281578
9281580
9281853
9281920
9281932
9282041
9282053
9282259
9282261
9282479
9282493
9282508
9282510
9282625
9282792
9282924
9282998
9283306
9283617
9283629
9283708
9283734
9283784
9283796
9284374
9284386
9284697
9284726
9285471
9285835
9285847
9285859
9285861
9285988
9285990
9286023
9286059
9286231
9286243
9286554
9287297
9287883
9288021
9288265
9288356
9288576
9288746
9288760
9288813
9288825
9288837
9288849
9288851
9288863
9288916
9288928
9288930
9288954
9289099
9289104
9289178
9289532
9289556
9289738
9289740
9289752
9289764
9289776
9289788
9290282
9290294
9290359
9290361
9290464
9290488
9290531
9290543
9290579
9290608
9290610
9290646
9290658
9290660
9290945
9291028
9291250
9291262
9291456
9291597
9291640
9292010
9292034
9292060
9292101
9292113
9292175
9292199
9292204
9292345
9292357
9292503
9292515
9292577
9292606
9292620
9292761
9293155
9293545
9293753
9293777
9294123
9294276
9294288
9294513
9294525
9294666
9294678
9294836
9295036
9295086
9295270
9295361
9295373
9295945
9295957
9295969
9296195
9296377
9296391
9296547
9296597
9296731
9296810
9296822
9296872
9297096
9297321
9297333
9297345
9297357
9297515
9297541
9297553
9297876
9297888
9298284
9298313
9298325
9298351
9298363
9298375
9298387
9298492
9298507
9298595
9298650
9298674
9298961
9298973
9298997
9299135
9299147
9299159
9299214
9299343
9299355
9299422
9299458
9299525
9299537
9299549
9299551
9299563
9299628
9299630
9299680
9299692
9299707
9299719
9299733
9299745
9299757
9299769
9299771
9299783
9299795
9299874
9299927
9300415
9300427
9300465
9300879
9300881
9300908
9301005
9301029
9301031
9301471
9301732
9301744
9301809
9301811
9301823
9301885
9301902
9301914
9301940
9301952
9301964
9301990
9302102
9302449
9302607
9302671
9302994
9303417
9303651
9303780
9304021
9304069
9304162
9304306
9304320
9304332
9304344
9304356
9304368
9304411
9304588
9304590
9304605
9304629
9304825
9305178
9305180
9305477
9305489
9305623
9305855
9305867
9306172
9306196
9306471
9306562
9306574
9306677
9306782
9306794
9306809
9306811
9307059
9307085
9307097
9307102
9307140
9307229
9307279
9307334
9307346
9307815
9307827
9307839
9307841
9307944
9307982
9307994
9308027
9308089
9308091
9308144
9308235
9308429
9308443
9308534
9308819
9308821
9308833
9308857
9308998
9309241
9309253
9309411
9309423
9309435
9309447
9309461
9309473
9309502
9309588
9309629
9310161
9310525
9310707
9311000
9311012
9311024
9311036
9311048
9311256
9311359
9311361
9311610
9311634
9311646
9311713
9311725
9311787
9311830
9312133
9312444
9312456
9312755
9312779
9312846
9312858
9312860
9312901
9312913
9312949
9313436
9313462
9313474
9313486
9313498
9313943
9314167
9314181
9314193
9314208
9314911
9314947
9314961
9315056
9315068
9315185
9315214
9315226
9315240
9315381
9315654
9315721
9315745
9315757
9315783
9315874
9315886
9315898
9315903
9315939
9315941
9316232
9316244
9316361
9317078
9317248
9317858
9317860
9317949
9317951
9317975
9318008
9318010
9318022
9318034
9318060
9318072
9318113
9318137
9318333
9318541
9318565
9319480
9319545
9319674
9319698
9319870
9319882
9320398
9320439
9320441
9320714
9321029
9321677
9321689
9321706
9321720
9321768
9321847
9321861
9321873
9321938
9321940
9321976
9322138
9322384
9322396
9322827
9322839
9322982
9323077
9323314
9323338
9323340
9323352
9323376
9323388
9323390
9323405
9323510
9323649
9323766
9323778
9323792
9323962
9324289
9324306
9324318
9324320
9324459
9324497
9324746
9325049
9325324
9325336
9325609
9325611
9325831
9325843
9326500
9326512
9326811
9326823
9326861
9326873
9326885
9326902
9326914
9326926
9326938
9327011
9327023
9327035
9327102
9327413
9327451
9327463
9327803
9328132
9328144
9328285
9328297
9328481
9328974
9329760
9330343
9330379
9330525
9330771
9330783
9330874
9331012
9331141
9331153
9331256
9332066
9332169
9332171
9332183
9332303
9332315
9332494
9332626
9332638
9332781
9332834
9332858
9332872
9332884
9333046
9333175
9333280
9333369
9333371
9333618
9333656
9333785
9334038
9334325
9334569
9334571
9334703
9335032
9335044
9335056
9335068
9335123
9335197
9335202
9335824
9335836
9336397
9336402
9336426
9336464
9336490
9336505
9336517
9336749
9337004
9337028
9337212
9337286
9337315
9337341
9337389
9337391
9337406
9337444
9337511
9337523
9337638
9337688
9337834
9337913
9338814
9339260
9339272
9339284
9339301
9339313
9339337
9339351
9339583
9339636
9339985
9340104
9340128
9340350
9340439
9340477
9340489
9340582
9340594
9340908
9340922
9341067
9341079
9341081
9341093
9341146
9341184
9341433
9341445
9341902
9341940
9342217
9342487
9343194
9343209
9343778
9343780
9343986
9344007
9344019
9344564
9344784
9345908
9346005
9346433
9346445
9346457
9346469
9346720
9346732
9346859
9346885
9347152
9347308
9347310
9347358
9347425
9347449
9347736
9347748
9347750
9348053
9348297
9348651
9348675
9348687
9348704
9349540
9349631
9349655
9350018
9350020
9350032
9350044
9351414
9351426
9351438
9351440
9351452
9351464
9351531
9351543
9351634
9351933
9352133
9352195
9352200
9352212
9352597
9352860
9353101
9353137
9353228
9354222
9354258
9354260
9354272
9354519
9354894
9354909
9355472
9356103
9356438
9356696
9356713
9357121
9358307
9358319
9358321
9358400
9358498
9358541
9358632
9358917
9358929
9358931
9358955
9359363
9359375
9359387
9359399
9359600
9359868
9359870
9360324
9360336
9360453
9360465
9360946
9360958
9360960
9361512
9361524
9362138
9362372
9363467
9363479
9363481
9363493
9363754
9363780
9363819
9363821
9363845
9363857
9364215
9364588
9364930
9364966
9365245
9365269
9365362
9365374
9365386
9365817
9366263
9366275
9366287
9366299
9367401
9367413
9367528
9367530
9367669
9367671
9367683
9367695
9367700
9367712
9367724
9367736
9367748
9367750
9368223
9368792
9369875
9369887
9369904
9370135
9370719
9370836
9371579
9371660
9371672
9371684
9371775
9372169
9372420
9372432
9372494
9372858
9373242
9373656
9373668
9374272
9374296
9374301
9374454
9374507
9374521
9374533
9374557
9374569
9374571
9374856
9375575
9375604
9375616
9376658
9376660
9376828
9376945
9377652
9377664
9377779
9378022
9378151
9378199
9378371
9378448
9378450
9378474
9378735
9379064
9379129
9379131
9379143
9379155
9379208
9379210
9379301
9379313
9379325
9379519
9379612
9379624
9379818
9379844
9379909
9379911
9379973
9379985
9380049
9380051
9380063
9380075
9380087
9380099
9380104
9380350
9380362
9380374
9380386
9380398
9380506
9380520
9380532
9380570
9380582
9380594
9380673
9380740
9380831
9380972
9381562
9381756
9381768
9381823
9381835
9381847
9382061
9382073
9382114
9382750
9382762
9382798
9382956
9382968
9382970
9382982
9383247
9383443
9383974
9384007
9384019
9384021
9384033
9384162
9384564
9385142
9385192
9385831
9385996
9386005
9386249
9386536
9386861
9387138
9387255
9387279
9387281
9387580
9387671
9387695
9387700
9387712
9387724
9387918
9387920
9387944
9387970
9388003
9388015
9388027
9388209
9388297
9388302
9388314
9388649
9388704
9389071
9389083
9389100
9389289
9389318
9389497
9389514
9389837
9389849
9389978
9390161
9390173
9390329
9390587
9390599
9390628
9390692
9390769
9390927
9391282
9391361
9391426
9391440
9391476
9391488
9391490
9391505
9391517
9391529
9391531
9391983
9391995
9392080
9392236
9392250
9392327
9392389
9392391
9392468
9392470
9392482
9392779
9392781
9392793
9392808
9392822
9393010
9393022
9393084
9393096
9393101
9393321
9393981
9394727
9394935
9394947
9394959
9395032
9395111
9395123
9395329
9395331
9395379
9396323
9396385
9396488
9396660
9396672
9396713
9396737
9396749
9396751
9396763
9396775
9396787
9396799
9397042
9397456
9397511
9397535
9397547
9397559
9397781
9397793
9397808
9398216
9398228
9398230
9398254
9398474
9398723
9399260
9399272
9399351
9399363
9399478
9399507
9399612
9399765
9399882
9399894
9399909
9399911
9399923
9400083
9400356
9400370
9400394
9400409
9400801
9400849
9400980
9401099
9401128
9401221
9401233
9401271
9401312
9402213
9402225
9402237
9402249
9402263
9402471
9402483
9402495
9402586
9402627
9402665
9402770
9402782
9402794
9402809
9402914
9403310
9403322
9403334
9403346
9403475
9403621
9403786
9403891
9404223
9404716
9404765
9404780
9404807
9404833
9404845
9404936
9405320
9405423
9405538
9405540
9405552
9405564
9405899
9405904
9405928
9406001
9406013
9406611
9406623
9406635
9406673
9406714
9406726
9406922
9407067
9407093
9407146
9407158
9407160
9407201
9407251
9407263
9407275
9407287
9407366
9407378
9407380
9407392
9407407
9407457
9408073
9408205
9408310
9408322
9408530
9408554
9408762
9408774
9408798
9408803
9409168
9409170
9409194
9409209
9409259
9409467
9409479
9409510
9409522
9410002
9410014
9410131
9410179
9410260
9410533
9410650
9410882
9410909
9410911
9411185
9411197
9411290
9411305
9411329
9411343
9411927
9411939
9411941
9412000
9412036
9412103
9412309
9412335
9412359
9412452
9412464
9412581
9412725
9412737
9412880
9413016
9413028
9413523
9413547
9413559
9413573
9413688
9413779
9414022
9414034
9414058
9414060
9414072
9414084
9414216
9414228
9414242
9414292
9414503
9414981
9415399
9415404
9415741
9416020
9416032
9416044
9416056
9416070
9416082
9416109
9416381
9416422
9416733
9416824
9417000
9417012
9417024
9417206
9417218
9417220
9417323
9417335
9417452
9417464
9417751
9417799
9417892
9418119
9418133
9418145
9418377
9418482
9418573
9418597
9418652
9418822
9419151
9419369
9419448
9419450
9419541
9419553
9419723
9419735
9419773
9419797
9419890
9420629
9420631
9420643
9420710
9420758
9420760
9421219
9421221
9421295
9421386
9421403
9421972
9422005
9422196
9422201
9422225
9422237
9422512
9422524
9422536
9422548
9422550
9422665
9422677
9422835
9423449
9423621
9423645
9423683
9423724
9423736
9423750
9423906
9424596
9424649
9424651
9424900
9424924
9424936
9425239
9425318
9425497
9425502
9425540
9425552
9425980
9425992
9426207
9426295
9426300
9426312
9426441
9427471
9427641
9428346
9428358
9428372
9428384
9428499
9428683
9428841
9428865
9428982
9429027
9429182
9430272
9430284
9430296
9430739
9431290
9431317
9431381
9432048
9433066
9433157
9433303
9433509
9433585
9433793
9433808
9433810
9433846
9433901
9434204
9434228
9434230
9435026
9435038
9435557
9435909
9436018
9436020
9436343
9436355
9436367
9436379
9436408
9437048
9437185
9437672
9437684
9437983
9438444
9439163
9439204
9439307
9439357
9439369
9439383
9439395
9439400
9439539
9439541
9439735
9439773
9439785
9439797
9439802
9439840
9439852
9440033
9440136
9440382
9440485
9440497
9440514
9440526
9441154
9441166
9441180
9441192
9441207
9441685
9441855
9442017
9442158
9442548
9442550
9442720
9443023
9443035
9443140
9443152
9443164
9443425
9443853
9443865
9444285
9444417
9445148
9446374
9447029
9447043
9447055
9447067
9447744
9447756
9447794
9447809
9447873
9447897
9447914
9448499
9448712
9448724
9448762
9449405
9449429
9449819
9450301
9450349
9450363
9450600
9450612
9450624
9450648
9450789
9451226
9451288
9451410
9451460
9451692
9451707
9451991
9452880
9453030
9453963
9453975
9453987
9453999
9455703
9455739
9455741
9455806
9455818
9456070
9456915
9456927
9456939
9457024
9457220
9457268
9457593
9457608
9457713
9457878
9458183
9458808
9458822
9458834
9458858
9459010
9459022
9459034
9459060
9459072
9459084
9459230
9459266
9459292
9459436
9459539
9460136
9460576
9460784
9461491
9461659
9461661
9461673
9461685
9461697
9461702
9461776
9461843
9462926
9464326
9464376
9464560
9465966
9465978
9466001
9466013
9466025
9466714
9466726
9466738
9466960
9467055
9467794
9467809
9467811
9468530
9469687
9470131
9470258
9470260
9470272
9470284
9470909
9470911
9470959
9470997
9471018
9471123
9471329
9472103
9472634
9472737
9472751
9472763
9473028
9473054
9473066
9473080
9473092
9473107
9473119
9475612
9475624
9475636
9475648
9475650
9476812
9476824
9477294
9477505
9477517
9477529
9477531
9477567
9477593
9478614
9478638
9478688
9478690
9478705
9479838
9479840
9479979
9480150
9480162
9480174
9480186
9480198
9480203
9480215
9480227
9480370
9481520
9482550
9482562
9482574
9482603
9482627
9482847
9482859
9482873
9484077
9484089
9484522
9484895
9484912
9485631
9485849
9485863
9486178
9486180
9486192
9486922
9486934
9487172
9487251
9487275
9487469
9487471
9488322
9489077
9489089
9489091
9489106
9489118
9489194
9489209
9489285
9490296
9490313
9490325
9490868
9492309
9492311
9492361
9493133
9493145
9493494
9493523
9493767
9494668
9494670
9494682
9495765
9496599
9496604
9496692
9498341
9498353
9498389
9498444
9498456
9499371
9499486
9502506
9503926
9504023
9505819
9505821
9505924
9505936
9505948
9505974
9505986
9505998
9506069
9506459
9506693
9508158
9508823
9508940
9509449
9510462
9510682
9511167
9512173
9512185
9512757
9512848
9513141
9514169
9514171
9515917
9516222
9516258
9518892
9518907
9519523
9520857
9520869
9521435
9521447
9521540
9521564
9522128
9523287
9523835
9524475
9524762
9524774
9524982
9524994
9527075
9527623
9527855
9528043
9528134
9528366
9528378
9528380
9528392
9529346
9529645
9530890
9531507
9531519
9531765
9531909
9532771
9532783
9535137
9535151
9535163
9535187
9535204
9536363
9536832
9537642
9538153
9539561
9539573
9539585
9539597
9539913
9540003
9540807
9540819
9540821
9540833
9541306
9542130
9542166
9542178
9543043
9543081
9543110
9543536
9543548
9543550
9544592
9544607
9547506
9547697
9550694
9550709
9551777
9552472
9552666
9553397
9553622
9553634
9553646
9553749
9555292
9555319
9556181
9558397
9558402
9558464
9558945
9558957
9558971
9561370
9564671
9565625
9565637
9565649
9565699
9565742
9565766
9566150
9566162
9566708
9567697
9567702
9568031
9568172
9568184
9568196
9568495
9568500
9569255
9569499
9569841
9569970
9569994
9570101
9571038
9571521
9572264
9572276
9572745
9572757
9573660
9573672
9573696
9573701
9575541
9576753
9576765
9576777
9576789
9577032
9577044
9577068
9577070
9577082
9577094
9577109
9577111
9577185
9578634
9578646
9579042
9579494
9579511
9579523
9579535
9579547
9579559
9579561
9579585
9580182
9580390
9580405
9580986
9580998
9581423
9581447
9581667
9581679
9582348
9583653
9583665
9583689
9585900
9587207
9587790
9587829
9588158
9588275
9588287
9589932
9589944
9590307
9590711
9590723
9590905
9592226
9592240
9592252
9592264
9592288
9592290
9592680
9592692
9593000
9593012
9593244
9593414
9593426
9593438
9593672
9594664
9594731
9594743
9594755
9594767
9594793
9594822
9594846
9594858
9594896
9595125
9595137
9595163
9595333
9595632
9596260
9596272
9596997
9597147
9600877
9600932
9600944
9601223
9601833
9602710
9602722
9602992
9605279
9606912
9606924
9607174
9607186
9607954
9607966
9608752
9609639
9609914
9610389
9610781
9610793
9612870
9612882
9613965
9616230
9617442
9617648
9617650
9617959
9618276
9619426
9619440
9619452
9619464
9619476
9619531
9619543
9621596
9621601
9622019
9622849
9622916
9623855
9624067
9624079
9624768
9624770
9624782
9626285
9627423
9627966
9628166
9629380
9629457
9629469
9629548
9629550
9629562
9629574
9629691
9629706
9629940
9629952
9629964
9631125
9634086
9634165
9635652
9635676
9635688
9635755
9635767
9635779
9635781
9635808
9635810
9635822
9635846
9635858
9636632
9636644
9637076
9637088
9637117
9637129
9638551
9638563
9640097
9640102
9640114
9640138
9640140
9641235
9644225
9644237
9644744
9645401
9645413
9645425
9645762
9645774
9645786
9645798
9648192
9650054
9650339
9650585
9652753
9654555
9654567
9654579
9654581
9654775
9654787
9655975
9655987
9656498
9656890
9657038
9657040
9657052
9657064
9657478
9658379
9659103
9659660
9660358
9660360
9660657
9661235
9661247
9663740
9664720
9664782
9664938
9665669
9665671
9665683
9666077
9666089
9667461
9667485
9667497
9667928
9667930
9667942
9669653
9669665
9669873
9669885
9669897
9669902
9669914
9669926
9669938
9669940
9670949
9673678
9674517
9674529
9674531
9674543
9674555
9674567
9674713
9674725
9674763
9674775
9675066
9675078
9675080
9675494
9676228
9676515
9676527
9676711
9677026
9677076
9677313
9680073
9680085
9680097
9680102
9680114
9681106
9681118
9681120
9681132
9681144
9681156
9681168
9681170
9681390
9681687
9681845
9681857
9682239
9682241
9682318
9682320
9682332
9682344
9682356
9682368
9682370
9682382
9682394
9682409
9682459
9682461
9682576
9682588
9682978
9682980
9683001
9683013
9683025
9683037
9683049
9683051
9683063
9683336
9683348
9683350
9683362
9683374
9683386
9683398
9683403
9683415
9683427
9683984
9685463
9685475
9686649
9686699
9686728
9686754
9686766
9686869
9686900
9686974
9686986
9687485
9688350
9688362
9688415
9688427
