9688831
9689134
9689146
9689158
9690614
9690626
9692129
9692143
9692155
9692246
9692258
9692296
9692301
9692313
9692325
9692337
9692349
9692351
9692363
9692375
9692387
9692416
9692478
9693018
9693020
9693056
9693068
9693082
9693173
9693812
9693824
9694189
9694191
9694385
9694402
9694464
9694476
9694593
9694658
9695834
9696242
9696254
9696565
9696589
9696682
9696694
9697014
9697210
9697222
9697234
9697246
9697442
9697612
9697624
9697636
9697648
9697909
9698288
9698290
9698355
9699115
9699517
9699866
9700213
9700225
9700342
9700469
9700471
9700483
9701217
9701566
9702194
9702209
9702211
9702223
9703332
9704441
9704453
9704465
9704477
9704491
9704518
9704520
9704972
9704984
9705720
9705732
9705744
9705756
9705768
9705885
9705902
9705914
9706061
9706073
9706425
9706437
9706463
9706475
9706839
9706841
9707261
9707273
9707390
9707510
9707807
9707819
9707845
9707857
9707869
9707871
9708071
9708083
9708148
9708150
9708215
9708227
9708239
9708629
9708760
9708772
9709025
9709037
9709776
9709788
9709984
9710476
9710488
9711468
9711482
9711494
9711535
9711547
9711559
9711561
9711573
9712292
9712307
9712319
9712321
9712591
9712606
9712864
9713612
9713624
9713856
9714056
9714068
9714501
9714513
9714642
9716004
9716016
9717113
9717280
9717292
9717761
9717773
9717785
9718064
9718076
9718088
9718090
9718404
9718416
9718428
9718430
9718741
9718753
9718765
9718777
9718789
9718791
9718806
9718818
9718820
9718832
9718844
9718856
9718868
9718870
9718882
9718894
9719238
9719240
9719252
9719264
9719276
9719745
9719757
9719769
9719771
9719874
9720081
9720225
9720483
9720495
9721401
9721748
9721750
9721786
9721891
9721906
9721918
9721920
9722170
9722584
9722596
9722613
9722625
9722637
9722649
9722651
9722687
9722704
9723291
9724013
9724025
9724037
9724063
9724075
9724087
9724099
9724336
9724348
9724350
9724439
9724441
9724582
9724594
9724609
9724611
9724623
9724673
9724697
9724714
9725299
9725304
9725316
9725495
9725598
9725627
9725823
9725835
9725847
9725859
9725873
9726451
9726463
9726475
9726487
9726580
9726607
9726619
9726621
9726750
9727534
9727546
9727558
9727560
9727572
9727584
9728239
9728241
9728411
9728423
9728435
9729221
9729233
9729271
9729740
9730309
9730347
9730373
9730414
9730878
9730945
9731042
9731729
9731731
9731743
9731755
9731781
9731793
9732034
9732242
9732254
9732395
9732606
9732682
9732709
9732773
9732785
9732797
9732802
9732814
9732826
9732929
9732931
9732979
9733351
9733363
9733375
9733545
9733557
9733569
9733571
9733674
9733686
9733698
9733703
9734850
9735579
9735581
9735593
9735608
9735610
9735622
9735634
9736169
9736638
9737096
9737101
9737242
9737371
9737395
9737400
9737515
9737527
9737565
9737577
9739264
9739276
9739288
9739290
9739305
9739317
9739329
9739549
9740574
9740586
9740770
9740782
9740794
9742053
9742065
9742077
9742895
9742912
9743473
9743485
9743758
9743825
9743837
9743849
9744831
9744893
9744908
9744946
9745237
9745524
9745902
9745926
9746164
9746176
9746188
9746190
9746205
9746229
9746231
9746243
9746255
9746267
9746279
9746619
9746621
9746671
9746774
9747106
9747120
9747132
9747326
9747338
9747340
9747352
9748007
9748679
9748681
9748899
9748904
9749025
9749324
9749336
9749348
9749350
9749362
9749374
9749386
9749398
9749415
9749441
9749453
9749489
9749491
9749532
9749544
9749685
9749697
9749805
9751406
9752010
9752022
9752034
9752046
9753557
9753674
9753686
9753698
9753703
9753791
9755050
9755062
9755725
9758026
9758038
9758064
9758076
9758090
9758789
9758832
9759745
9759795
9759800
9760225
9760500
9760548
9760550
9760562
9761176
9761358
9761516
9761528
9761956
9762261
9762273
9763332
9764491
9764506
9764520
9765017
9765029
9765354
9766190
9766205
9766217
9766310
9766841
9767235
9767950
9768514
9768734
9768746
9770531
9771913
9772034
9772058
9772113
9772278
9772321
9772357
9772826
9772852
9773040
9773052
9773143
9773179
9773478
9773739
9773741
9773753
9773765
9773923
9774197
9774343
9774563
9774575
9774628
9774707
9774898
9776250
9776444
9776456
9776470
9777369
9777371
9777383
9777395
9777400
9777943
9778296
9778301
9778727
9779537
9779587
9779745
9779757
9779795
9779941
9779953
9779965
9779977
9780017
9780251
9780263
9781279
9783007
9783019
9783382
9783928
9783992
9784013
9784025
9785158
9785225
9785378
9785380
9785392
9785407
9785689
9785691
9785706
9785718
9785720
9785732
9785835
9786138
9786140
9786152
9786164
9786176
9786188
9786190
9786217
9786231
9786243
9787168
9787170
9787182
9787194
9787352
9787936
9788435
9788447
9788473
9788485
9788497
9788540
9788552
9788564
9788576
9788588
9788590
9788605
9788617
9788708
9788954
9788966
9789257
9789269
9789685
9790361
9790373
9790464
9790622
9790634
9790646
9790658
9790672
9790983
9790995
9791004
9791145
9791157
9791169
9791171
9791183
9791195
9791315
9791872
9792008
9792010
9792199
9792204
9792515
9792541
9792840
9792852
9793272
9793284
9793375
9793387
9793856
9793870
9793997
9794056
9794068
9794159
9794410
9794422
9794434
9794446
9794719
9794721
9794836
9794848
9794850
9795048
9795050
9795062
9795074
9795127
9795969
9795971
9795983
9795995
9796339
9796494
9796705
9796731
9796781
9796810
9796822
9796834
9796937
9797266
9797383
9797395
9797400
9797656
9797723
9797735
9797747
9797759
9797802
9797981
9797993
9798076
9798088
9798167
9798179
9798349
9798351
9798363
9798375
9798428
9798648
9798868
9798870
9798935
9798947
9798959
9798961
9798973
9799109
9799111
9799642
9799654
9799678
9799680
9799862
9799874
9800001
9800013
9800025
9800049
9800051
9800104
9800116
9800166
9800192
9800245
9800269
9800300
9800312
9800336
9800441
9800647
9800659
9800661
9800673
9800702
9800817
9801079
9801081
9801093
9801562
9801574
9801976
9802152
9802164
9802176
9802580
9802683
9803118
9803120
9803364
9803429
9804813
9804825
9804837
9804849
9804863
9804887
9804899
9804904
9804928
9804930
9805910
9806158
9806665
9806706
9807229
9808156
9808168
9808314
9808326
9808845
9809394
9810214
9810226
9810367
9810513
9810654
9810666
9811127
9812743
9812755
9813058
9813096
9813101
9813113
9813230
9814167
9814179
9814193
9814399
9814428
9815252
9815264
9815276
9815458
9815604
9815850
9816763
9817107
9817119
9817470
9817509
9817585
9817626
9818058
9818216
9818228
9818278
9818515
9818527
9818539
9818541
9819650
9819844
9819856
9820283
9820295
9820300
9820427
9820544
9821299
9821691
9821706
9821859
9822229
9823558
9823560
9823572
9826574
9826720
9826897
9827059
9827451
9827463
9827475
9827566
9827578
9828144
9828156
9828211
9828223
9828895
9828900
9828912
9829007
9829095
9829100
9829409
9829411
9829447
9829459
9829461
9829473
9829485
9829497
9829679
9829681
9829722
9829746
9829758
9829760
9829801
9829813
9829904
9830252
9830288
9830290
9831206
9831294
9831309
9831696
9831701
9831713
9832248
9832250
9832274
9832547
9832559
9833058
9833541
9833553
9833565
9833577
9833589
9833591
9833656
9833668
9833670
9833682
9833723
9834155
9834337
9834868
9834870
9835044
9835056
9835848
9835862
9836036
9836048
9836050
9836062
9836440
9836452
9838216
9838254
9838589
9838668
9838670
9839090
9839105
9841627
9843209
9843211
9843340
9843352
9843560
9843572
9843780
9844863
9845013
9845099
9845166
9845178
9845180
9845764
9845776
9845788
9847114
9847140
9847231
9847451
9848326
9848338
9848340
9848352
9848584
9848687
9849033
9849045
9849253
9849265
9849382
9849394
9850202
9850214
9851701
9851725
9851787
9852133
9852145
9853008
9853216
9853228
9853230
9853242
9853254
9853266
9853278
9853400
9853527
9853539
9853541
9853553
9854363
9854612
9854624
9854727
9854739
9854741
9854789
9854791
9854806
9855367
9856062
9856555
9856622
9856634
9857212
9857224
9857236
9857248
9857468
9857858
9857860
9858060
9858072
9858852
9859181
9859208
9859210
9859739
9860192
9860207
9861990
9862346
9862413
9862475
9862487
9862906
9862932
9862944
9863182
9863223
9863235
9863417
9863429
9864332
9864344
9864356
9864368
9864916
9865116
9865520
9866770
9866782
9867607
9867619
9867621
9867798
9868156
9869265
9869306
9869887
9869942
9870159
9870513
9870707
9870719
9871074
9872353
9872987
9872999
9873644
9873656
9873668
9873670
9873840
9874246
9874258
9874480
9874820
9875501
9876385
9876397
9876402
9877171
9877559
9877561
9877573
9877585
9877614
9877626
9877638
9877640
9877652
9877664
9877793
9877808
9877810
9877822
9878888
9879698
9879997
9880350
9880403
9880465
9881201
9881627
9881940
9882334
9882346
9882358
9882396
9882401
9882413
9882425
9883041
9883259
9883481
9883493
9884021
9884253
9884801
9884813
9884825
9884837
9885855
9885908
9885910
9885996
9886718
9886720
9886732
9886794
9887401
9887621
9887803
9888340
9888352
9888730
9889904
9890446
9890927
9890939
9891660
9891672
9891684
9891696
9891919
9892078
9892133
9892298
9892456
9892482
9892793
9892975
9892987
9892999
9893008
9893022
9893034
9893046
9893058
9893072
9893084
9893163
9893448
9893606
9893761
9893773
9894727
9895197
9895238
9895903
9895915
9895927
9896452
9897107
9897121
9897133
9897834
9897846
9898498
9898503
9898515
9898527
9899363
9899478
9899480
9899727
9899739
9899985
9900007
9900459
9900461
9900825
9901099
9901415
9901427
9901867
9902122
9902665
9902756
9902835
9902847
9902859
9902873
9902902
9903126
9903138
9903413
9903425
9903918
9903970
9904651
9904871
9905162
9905318
9905423
9905605
9906087
9906702
9906881
9906893
9907225
9907433
9907653
9907768
9907809
9907811
9907823
9908322
9908346
9908504
9908982
9909572
9909584
9910337
9911501
9911513
9911525
9911537
9911549
9911551
9912854
9912880
9913511
9913602
9913626
9914292
9915909
9915911
9916123
9916604
9916616
9917555
9917646
9917658
9917804
9917828
9917830
9917842
9917854
9917866
9917880
9917892
9917957
9919151
9919163
9919333
9919577
9919620
9919632
9919723
9919773
9920069
9920291
9920306
9922093
9922823
9922976
9922988
9923009
9923425
9923437
9923463
9923748
9923932
9923994
9924728
9924869
9924912
9924924
9925667
9925708
9925710
9925875
9926568
9926673
9926910
9926922
9927201
9927213
9927316
9928750
9929821
9930105
9930519
9930923
9931173
9932402
9933200
9933212
9933638
9934137
9934149
9934151
9934163
9934644
9934668
9934670
9934888
9934890
9934905
9935143
9935155
9935557
9935569
9935909
9935911
9935923
9935935
9936549
9937945
9938004
9938030
9939565
9939577
9939589
9939591
9939606
9939620
9939632
9940100
9940734
9940746
9941013
9941283
9941295
9941300
9941520
9941685
9941726
9941910
9942304
9942500
9942653
9942689
9943061
9943308
9943310
9943322
9943334
9943346
9943360
9943384
9943396
9943841
9944132
9944144
9944637
9944649
9945291
9945306
9945459
9945796
9946386
9946398
9946702
9946829
9947366
9947378
9947598
9948281
9948293
9948695
9950284
9951159
9951525
9952127
9952141
9952177
9952608
9952610
9952945
9952971
9952983
9953054
9953248
9953250
9953262
9953274
9953418
9953432
9953456
9954199
9955428
9955478
9956393
9956408
9956410
9956422
9956587
9956599
9956604
9956616
9956903
9956915
9956953
9957725
9958004
9958286
9958664
9958846
9958858
9959917
9959929
9960306
9960588
9960590
9961403
9961477
9961491
9961518
9962407
9963853
9965552
9967249
9967251
9967263
9967433
9968932
9969089
9969376
9969388
9969625
9970363
9970375
9970569
9970571
9970583
9970600
9970612
9970674
9970947
9970959
9971707
9971721
9971733
9972218
9972359
9972373
9972385
9972672
9973303
9973315
9973353
9973640
9973676
9973901
9973913
9973925
9973937
9974474
9974503
9974929
9974979
9974981
9975301
9975519
9975583
9976135
9976812
9976824
9976886
9976903
9976915
9976939
9977220
9977232
9977244
9977268
9977270
9977282
9977311
9978339
9978676
9979254
9979266
9979278
9979448
9979773
9979993
9980540
9981245
9981257
9981374
9981386
9981398
9981403
9981518
9982524
9982548
9982677
9983695
9983889
9983891
9984261
9984273
9984857
9984871
9985825
9985837
9985849
9985992
9986049
9986075
9986087
9986099
9986104
9986116
9986283
9986647
9989209
9989223
9991850
9991862
9992232
9993808
9993872
9994515
9994682
9994709
9994711
9995428
9995430
9995454
9995478
9996393
9997218
9997220
9997244
9997969
9997971
9999999
